,casa,deslocamento,outro
0,0.42574257425742573,0.3564356435643564,0.21782178217821782
1,0.2631578947368421,0.4868421052631579,0.25
2,0.6410256410256411,0.358974358974359,0.0
3,0.16071428571428573,0.6160714285714286,0.22321428571428573
4,0.4166666666666667,0.44871794871794873,0.1346153846153846
5,0.27607361963190186,0.558282208588957,0.1656441717791411
6,0.6363636363636364,0.3484848484848485,0.015151515151515152
7,0.7358490566037735,0.2641509433962264,0.0
8,0.7333333333333333,0.26666666666666666,0.0
9,0.2733812949640288,0.49640287769784175,0.2302158273381295
10,0.2,0.5384615384615384,0.26153846153846155
11,0.3548387096774194,0.43548387096774194,0.20967741935483872
12,0.5182926829268293,0.3719512195121951,0.10975609756097561
13,0.8823529411764706,0.11764705882352941,0.0
14,0.6884057971014492,0.30434782608695654,0.007246376811594203
15,0.6507936507936508,0.3333333333333333,0.015873015873015872
16,0.6206896551724138,0.3793103448275862,0.0
17,0.15492957746478872,0.8169014084507042,0.028169014084507043
18,0.8933333333333333,0.10666666666666667,0.0
19,0.4424778761061947,0.3008849557522124,0.25663716814159293
20,0.6875,0.3125,0.0
21,0.7087378640776699,0.2912621359223301,0.0
22,0.5133333333333333,0.46,0.02666666666666667
23,0.23622047244094488,0.6771653543307087,0.08661417322834646
24,0.5942028985507246,0.37681159420289856,0.028985507246376812
25,0.5272727272727272,0.43636363636363634,0.03636363636363636
26,0.5038759689922481,0.49612403100775193,0.0
27,0.4666666666666667,0.47333333333333333,0.06
28,0.696078431372549,0.30392156862745096,0.0
29,0.5945945945945946,0.2972972972972973,0.10810810810810811
30,0.38509316770186336,0.5217391304347826,0.09316770186335403
31,0.6095238095238096,0.3333333333333333,0.05714285714285714
32,0.6168582375478927,0.3831417624521073,0.0
33,0.5,0.36486486486486486,0.13513513513513514
34,0.5887850467289719,0.2897196261682243,0.12149532710280374
35,0.7142857142857143,0.2857142857142857,0.0
36,0.40559440559440557,0.5734265734265734,0.02097902097902098
37,0.4339622641509434,0.5534591194968553,0.012578616352201259
38,0.64,0.36,0.0
39,0.46774193548387094,0.43548387096774194,0.0967741935483871
40,0.3050847457627119,0.6949152542372882,0.0
41,0.6352941176470588,0.3235294117647059,0.041176470588235294
42,0.4918918918918919,0.44324324324324327,0.06486486486486487
43,0.2248062015503876,0.2558139534883721,0.5193798449612403
44,0.9,0.1,0.0
45,0.7441860465116279,0.2558139534883721,0.0
46,0.547945205479452,0.4520547945205479,0.0
47,0.5596330275229358,0.3302752293577982,0.11009174311926606
48,0.48484848484848486,0.48484848484848486,0.030303030303030304
49,0.5185185185185185,0.2962962962962963,0.18518518518518517
50,0.2848101265822785,0.5316455696202531,0.18354430379746836
51,0.30666666666666664,0.6,0.09333333333333334
52,0.3584905660377358,0.5786163522012578,0.06289308176100629
53,0.8392857142857143,0.125,0.03571428571428571
54,0.1951219512195122,0.6747967479674797,0.13008130081300814
55,0.2676767676767677,0.6161616161616161,0.11616161616161616
56,0.6285714285714286,0.3142857142857143,0.05714285714285714
57,0.7155172413793104,0.1810344827586207,0.10344827586206896
58,0.3684210526315789,0.518796992481203,0.11278195488721804
59,0.5782312925170068,0.3333333333333333,0.08843537414965986
60,0.574468085106383,0.425531914893617,0.0
61,0.5342465753424658,0.4520547945205479,0.0136986301369863
62,0.3815028901734104,0.44508670520231214,0.17341040462427745
63,0.37575757575757573,0.5272727272727272,0.09696969696969697
64,0.5844155844155844,0.2727272727272727,0.14285714285714285
65,0.5815602836879432,0.3617021276595745,0.05673758865248227
66,0.4195804195804196,0.44755244755244755,0.13286713286713286
67,0.35294117647058826,0.6050420168067226,0.04201680672268908
68,0.5769230769230769,0.28205128205128205,0.14102564102564102
69,0.4819277108433735,0.5180722891566265,0.0
70,0.2740740740740741,0.7111111111111111,0.014814814814814815
71,0.6697247706422018,0.29357798165137616,0.03669724770642202
72,0.38372093023255816,0.4418604651162791,0.1744186046511628
73,0.3177083333333333,0.640625,0.041666666666666664
74,0.6225165562913907,0.2119205298013245,0.16556291390728478
75,0.6118421052631579,0.3881578947368421,0.0
76,0.8173076923076923,0.17307692307692307,0.009615384615384616
77,0.4270833333333333,0.3333333333333333,0.23958333333333334
78,0.4742857142857143,0.5028571428571429,0.022857142857142857
79,0.14184397163120568,0.5957446808510638,0.2624113475177305
80,0.5133333333333333,0.4866666666666667,0.0
81,0.7916666666666666,0.16666666666666666,0.041666666666666664
82,0.7602739726027398,0.23972602739726026,0.0
83,0.3825136612021858,0.47540983606557374,0.14207650273224043
84,0.2,0.65,0.15
85,0.7419354838709677,0.25806451612903225,0.0
86,0.41496598639455784,0.35374149659863946,0.23129251700680273
87,0.551948051948052,0.3961038961038961,0.05194805194805195
88,0.7272727272727273,0.2727272727272727,0.0
89,0.4472049689440994,0.546583850931677,0.006211180124223602
90,0.5887850467289719,0.2616822429906542,0.14953271028037382
91,0.288135593220339,0.6384180790960452,0.07344632768361582
92,0.6407766990291263,0.3592233009708738,0.0
93,0.6593406593406593,0.34065934065934067,0.0
94,0.26865671641791045,0.7164179104477612,0.014925373134328358
95,0.5063291139240507,0.36075949367088606,0.13291139240506328
96,0.45901639344262296,0.5027322404371585,0.03825136612021858
97,0.36024844720496896,0.639751552795031,0.0
98,0.5714285714285714,0.3458646616541353,0.08270676691729323
99,0.4214876033057851,0.5537190082644629,0.024793388429752067
100,0.43956043956043955,0.5604395604395604,0.0
101,0.5140845070422535,0.3873239436619718,0.09859154929577464
102,0.9347826086956522,0.06521739130434782,0.0
103,0.44144144144144143,0.5225225225225225,0.036036036036036036
104,0.193717277486911,0.6649214659685864,0.14136125654450263
105,0.7577639751552795,0.21739130434782608,0.024844720496894408
106,0.5319148936170213,0.3404255319148936,0.1276595744680851
107,0.43410852713178294,0.37209302325581395,0.1937984496124031
108,0.5070422535211268,0.3380281690140845,0.15492957746478872
109,0.5928571428571429,0.40714285714285714,0.0
110,0.39285714285714285,0.5833333333333334,0.023809523809523808
111,0.6138613861386139,0.3465346534653465,0.039603960396039604
112,0.19672131147540983,0.4098360655737705,0.39344262295081966
113,0.41566265060240964,0.4397590361445783,0.14457831325301204
114,0.09411764705882353,0.4117647058823529,0.49411764705882355
115,0.7894736842105263,0.14736842105263157,0.06315789473684211
116,0.26704545454545453,0.5852272727272727,0.14772727272727273
117,0.33181818181818185,0.6,0.06818181818181818
118,0.4931506849315068,0.4931506849315068,0.0136986301369863
119,0.3469387755102041,0.5510204081632653,0.10204081632653061
120,0.43661971830985913,0.5140845070422535,0.04929577464788732
121,0.5903614457831325,0.18072289156626506,0.2289156626506024
122,0.48214285714285715,0.5,0.017857142857142856
123,0.5555555555555556,0.42424242424242425,0.020202020202020204
124,0.5833333333333334,0.4166666666666667,0.0
125,0.8181818181818182,0.18181818181818182,0.0
126,0.4225352112676056,0.4154929577464789,0.1619718309859155
127,0.6542056074766355,0.24299065420560748,0.102803738317757
128,0.3422818791946309,0.5570469798657718,0.10067114093959731
129,0.41284403669724773,0.5045871559633027,0.08256880733944955
130,0.3411764705882353,0.6352941176470588,0.023529411764705882
131,0.4688995215311005,0.5311004784688995,0.0
132,0.4306569343065693,0.5401459854014599,0.029197080291970802
133,0.4444444444444444,0.5042735042735043,0.05128205128205128
134,0.45454545454545453,0.43434343434343436,0.1111111111111111
135,0.45751633986928103,0.46405228758169936,0.0784313725490196
136,0.26490066225165565,0.6291390728476821,0.10596026490066225
137,0.2597402597402597,0.6103896103896104,0.12987012987012986
138,0.5210084033613446,0.2184873949579832,0.2605042016806723
139,0.6021505376344086,0.3978494623655914,0.0
140,0.39603960396039606,0.39603960396039606,0.2079207920792079
141,0.5614035087719298,0.3508771929824561,0.08771929824561403
142,0.26717557251908397,0.6641221374045801,0.06870229007633588
143,0.30434782608695654,0.6956521739130435,0.0
144,0.38461538461538464,0.5705128205128205,0.04487179487179487
145,0.27906976744186046,0.47674418604651164,0.2441860465116279
146,0.2765957446808511,0.6861702127659575,0.03723404255319149
147,0.3883495145631068,0.46601941747572817,0.14563106796116504
148,0.4701492537313433,0.4253731343283582,0.1044776119402985
149,0.5869565217391305,0.391304347826087,0.021739130434782608
150,0.40404040404040403,0.4696969696969697,0.12626262626262627
151,0.46511627906976744,0.47674418604651164,0.05813953488372093
152,0.27586206896551724,0.5775862068965517,0.14655172413793102
153,0.5403225806451613,0.4596774193548387,0.0
154,0.6349206349206349,0.3412698412698413,0.023809523809523808
155,0.6862745098039216,0.28431372549019607,0.029411764705882353
156,0.6724137931034483,0.3103448275862069,0.017241379310344827
157,0.6033057851239669,0.32231404958677684,0.0743801652892562
158,0.8160919540229885,0.12643678160919541,0.05747126436781609
159,0.7846153846153846,0.2153846153846154,0.0
160,0.5956284153005464,0.40437158469945356,0.0
161,0.3120567375886525,0.6879432624113475,0.0
162,0.5536723163841808,0.3672316384180791,0.07909604519774012
163,0.90625,0.09375,0.0
164,0.4888888888888889,0.4666666666666667,0.044444444444444446
165,0.2808988764044944,0.6179775280898876,0.10112359550561797
166,0.7094017094017094,0.2905982905982906,0.0
167,0.4294478527607362,0.5398773006134969,0.03067484662576687
168,0.7203389830508474,0.2796610169491525,0.0
169,0.5950413223140496,0.4049586776859504,0.0
170,0.5375,0.4375,0.025
171,0.7283950617283951,0.2345679012345679,0.037037037037037035
172,0.6633663366336634,0.33663366336633666,0.0
173,0.3877551020408163,0.46938775510204084,0.14285714285714285
174,0.8064516129032258,0.1935483870967742,0.0
175,0.5063291139240507,0.4936708860759494,0.0
176,0.40404040404040403,0.32323232323232326,0.2727272727272727
177,0.38461538461538464,0.5461538461538461,0.06923076923076923
178,0.6153846153846154,0.375,0.009615384615384616
179,0.6106870229007634,0.31297709923664124,0.07633587786259542
180,0.5194805194805194,0.35064935064935066,0.12987012987012986
181,0.6363636363636364,0.3515151515151515,0.012121212121212121
182,0.6551724137931034,0.3448275862068966,0.0
183,0.05027932960893855,0.8770949720670391,0.07262569832402235
184,0.6933333333333334,0.30666666666666664,0.0
185,0.39520958083832336,0.47305389221556887,0.1317365269461078
186,0.21830985915492956,0.4859154929577465,0.29577464788732394
187,0.4375,0.49375,0.06875
188,0.4161073825503356,0.4966442953020134,0.087248322147651
189,0.48,0.464,0.056
190,0.3869047619047619,0.47023809523809523,0.14285714285714285
191,0.717948717948718,0.28205128205128205,0.0
192,0.5274725274725275,0.4065934065934066,0.06593406593406594
193,0.3867924528301887,0.5094339622641509,0.10377358490566038
194,0.4430379746835443,0.5063291139240507,0.05063291139240506
195,0.4411764705882353,0.4117647058823529,0.14705882352941177
196,0.4453125,0.5078125,0.046875
197,0.6707317073170732,0.3231707317073171,0.006097560975609756
198,0.5925925925925926,0.3950617283950617,0.012345679012345678
199,0.3597122302158273,0.4748201438848921,0.16546762589928057
200,0.5871559633027523,0.3577981651376147,0.05504587155963303
201,0.29347826086956524,0.532608695652174,0.17391304347826086
202,0.775,0.225,0.0
203,0.4166666666666667,0.19642857142857142,0.3869047619047619
204,0.20666666666666667,0.7133333333333334,0.08
205,0.5037593984962406,0.49624060150375937,0.0
206,0.59375,0.375,0.03125
207,0.532967032967033,0.31868131868131866,0.14835164835164835
208,0.327683615819209,0.6666666666666666,0.005649717514124294
209,0.3383838383838384,0.5050505050505051,0.15656565656565657
210,0.5775862068965517,0.41379310344827586,0.008620689655172414
211,0.5,0.42857142857142855,0.07142857142857142
212,0.863013698630137,0.1232876712328767,0.0136986301369863
213,0.6973684210526315,0.3026315789473684,0.0
214,0.6666666666666666,0.1875,0.14583333333333334
215,0.5135135135135135,0.4864864864864865,0.0
216,0.2731707317073171,0.6341463414634146,0.09268292682926829
217,0.673469387755102,0.30612244897959184,0.02040816326530612
218,0.3963963963963964,0.5225225225225225,0.08108108108108109
219,0.19753086419753085,0.7222222222222222,0.08024691358024691
220,0.4177215189873418,0.43670886075949367,0.14556962025316456
221,0.6267605633802817,0.34507042253521125,0.028169014084507043
222,0.4090909090909091,0.4636363636363636,0.12727272727272726
223,0.4807692307692308,0.3269230769230769,0.19230769230769232
224,0.6417910447761194,0.3582089552238806,0.0
225,0.2268041237113402,0.7216494845360825,0.05154639175257732
226,0.5607476635514018,0.29906542056074764,0.14018691588785046
227,0.5652173913043478,0.43478260869565216,0.0
228,0.25,0.575,0.175
229,0.68,0.32,0.0
230,0.5,0.3695652173913043,0.13043478260869565
231,0.5144508670520231,0.4277456647398844,0.057803468208092484
232,0.7916666666666666,0.20833333333333334,0.0
233,0.686046511627907,0.19767441860465115,0.11627906976744186
234,0.5217391304347826,0.358695652173913,0.11956521739130435
235,0.32620320855614976,0.6631016042780749,0.0106951871657754
236,0.5063291139240507,0.46835443037974683,0.02531645569620253
237,0.26993865030674846,0.6748466257668712,0.05521472392638037
238,0.6346153846153846,0.34615384615384615,0.019230769230769232
239,0.5742574257425742,0.297029702970297,0.12871287128712872
240,0.36363636363636365,0.494949494949495,0.1414141414141414
241,0.26490066225165565,0.5165562913907285,0.2185430463576159
242,0.5874125874125874,0.4125874125874126,0.0
243,0.527027027027027,0.3310810810810811,0.14189189189189189
244,0.2169811320754717,0.5943396226415094,0.18867924528301888
245,0.328,0.576,0.096
246,0.2871287128712871,0.4752475247524752,0.2376237623762376
247,0.6666666666666666,0.3333333333333333,0.0
248,0.6666666666666666,0.3333333333333333,0.0
249,0.48404255319148937,0.44148936170212766,0.07446808510638298
250,0.47770700636942676,0.4140127388535032,0.10828025477707007
251,0.2796610169491525,0.5254237288135594,0.19491525423728814
252,0.5348837209302325,0.37209302325581395,0.09302325581395349
253,0.29365079365079366,0.5238095238095238,0.18253968253968253
254,0.36363636363636365,0.564935064935065,0.07142857142857142
255,0.6621621621621622,0.33783783783783783,0.0
256,0.3416149068322981,0.4658385093167702,0.19254658385093168
257,0.39805825242718446,0.5388349514563107,0.06310679611650485
258,0.7868852459016393,0.21311475409836064,0.0
259,0.44571428571428573,0.5142857142857142,0.04
260,0.26666666666666666,0.6181818181818182,0.11515151515151516
261,0.5071428571428571,0.4142857142857143,0.07857142857142857
262,0.43023255813953487,0.22093023255813954,0.3488372093023256
263,0.5032258064516129,0.3870967741935484,0.10967741935483871
264,0.3576158940397351,0.5960264900662252,0.046357615894039736
265,0.44525547445255476,0.49635036496350365,0.058394160583941604
266,0.22556390977443608,0.5939849624060151,0.18045112781954886
267,0.26277372262773724,0.6277372262773723,0.10948905109489052
268,0.75,0.23958333333333334,0.010416666666666666
269,0.4155844155844156,0.5844155844155844,0.0
270,0.574468085106383,0.425531914893617,0.0
271,0.3803680981595092,0.6073619631901841,0.012269938650306749
272,0.3236994219653179,0.6763005780346821,0.0
273,0.3643724696356275,0.5425101214574899,0.0931174089068826
274,0.5918367346938775,0.37755102040816324,0.030612244897959183
275,0.4142857142857143,0.5714285714285714,0.014285714285714285
276,0.42857142857142855,0.4835164835164835,0.08791208791208792
277,0.6984126984126984,0.30158730158730157,0.0
278,0.5137614678899083,0.3669724770642202,0.11926605504587157
279,0.71875,0.1796875,0.1015625
280,0.5319148936170213,0.35106382978723405,0.11702127659574468
281,0.4827586206896552,0.40229885057471265,0.11494252873563218
282,0.5063291139240507,0.4936708860759494,0.0
283,0.7125,0.2875,0.0
284,0.2616279069767442,0.6569767441860465,0.08139534883720931
285,0.3333333333333333,0.5675675675675675,0.0990990990990991
286,0.28888888888888886,0.4740740740740741,0.23703703703703705
287,0.6857142857142857,0.3142857142857143,0.0
288,0.3882978723404255,0.5797872340425532,0.031914893617021274
289,0.5227272727272727,0.4318181818181818,0.045454545454545456
290,0.6597938144329897,0.3402061855670103,0.0
291,0.39473684210526316,0.3026315789473684,0.3026315789473684
292,0.6704545454545454,0.2840909090909091,0.045454545454545456
293,0.5882352941176471,0.4117647058823529,0.0
294,0.42857142857142855,0.5102040816326531,0.061224489795918366
295,0.5714285714285714,0.3445378151260504,0.08403361344537816
296,0.5930232558139535,0.3488372093023256,0.05813953488372093
297,0.5,0.44680851063829785,0.05319148936170213
298,0.4838709677419355,0.5161290322580645,0.0
299,0.4032258064516129,0.5967741935483871,0.0
300,0.5642857142857143,0.4357142857142857,0.0
301,0.4634146341463415,0.45528455284552843,0.08130081300813008
302,0.14084507042253522,0.795774647887324,0.06338028169014084
303,0.3125,0.45,0.2375
304,0.6285714285714286,0.37142857142857144,0.0
305,0.2222222222222222,0.6736111111111112,0.10416666666666667
306,0.673202614379085,0.32679738562091504,0.0
307,0.5299145299145299,0.37606837606837606,0.09401709401709402
308,0.4727272727272727,0.5272727272727272,0.0
309,0.4230769230769231,0.5576923076923077,0.019230769230769232
310,0.4939759036144578,0.5060240963855421,0.0
311,0.45,0.45,0.1
312,0.45614035087719296,0.543859649122807,0.0
313,0.5565217391304348,0.4,0.043478260869565216
314,0.5328467153284672,0.27007299270072993,0.19708029197080293
315,0.7142857142857143,0.2619047619047619,0.023809523809523808
316,0.6813186813186813,0.2857142857142857,0.03296703296703297
317,0.5846153846153846,0.36153846153846153,0.05384615384615385
318,0.2706422018348624,0.5963302752293578,0.13302752293577982
319,0.75,0.23684210526315788,0.013157894736842105
320,0.7532467532467533,0.23376623376623376,0.012987012987012988
321,0.5393258426966292,0.4044943820224719,0.056179775280898875
322,0.2413793103448276,0.7471264367816092,0.011494252873563218
323,0.7639751552795031,0.2360248447204969,0.0
324,0.6306306306306306,0.36936936936936937,0.0
325,0.5818181818181818,0.41818181818181815,0.0
326,0.5819672131147541,0.36885245901639346,0.04918032786885246
327,0.5503355704697986,0.44966442953020136,0.0
328,0.5847457627118644,0.3559322033898305,0.059322033898305086
329,0.7590361445783133,0.24096385542168675,0.0
330,0.2638888888888889,0.5625,0.1736111111111111
331,0.4423076923076923,0.5096153846153846,0.04807692307692308
332,0.48,0.272,0.248
333,0.6470588235294118,0.29411764705882354,0.058823529411764705
334,0.5084745762711864,0.4915254237288136,0.0
335,0.8,0.2,0.0
336,0.5798319327731093,0.42016806722689076,0.0
337,0.5939849624060151,0.40601503759398494,0.0
338,0.36486486486486486,0.41216216216216217,0.22297297297297297
339,0.5748031496062992,0.41732283464566927,0.007874015748031496
340,0.43010752688172044,0.5161290322580645,0.053763440860215055
341,0.34959349593495936,0.6260162601626016,0.024390243902439025
342,0.5370370370370371,0.46296296296296297,0.0
343,0.6291390728476821,0.33774834437086093,0.033112582781456956
344,0.6379310344827587,0.3620689655172414,0.0
345,0.5064935064935064,0.4935064935064935,0.0
346,0.2331288343558282,0.7607361963190185,0.006134969325153374
347,0.4155844155844156,0.5844155844155844,0.0
348,0.4166666666666667,0.5833333333333334,0.0
349,0.673469387755102,0.30612244897959184,0.02040816326530612
350,0.5746268656716418,0.39552238805970147,0.029850746268656716
351,0.5120481927710844,0.46987951807228917,0.018072289156626505
352,0.3382899628252788,0.40892193308550184,0.2527881040892193
353,0.825,0.175,0.0
354,0.41875,0.55,0.03125
355,0.25675675675675674,0.6959459459459459,0.0472972972972973
356,0.40601503759398494,0.49624060150375937,0.09774436090225563
357,0.4397163120567376,0.46099290780141844,0.09929078014184398
358,0.4588235294117647,0.35294117647058826,0.18823529411764706
359,0.675,0.325,0.0
360,0.3561643835616438,0.4794520547945205,0.1643835616438356
361,0.3230769230769231,0.676923076923077,0.0
362,0.5040650406504065,0.4715447154471545,0.024390243902439025
363,0.551948051948052,0.37662337662337664,0.07142857142857142
364,0.37037037037037035,0.5555555555555556,0.07407407407407407
365,0.5508474576271186,0.3474576271186441,0.1016949152542373
366,0.3674698795180723,0.46987951807228917,0.16265060240963855
367,0.2112676056338028,0.6549295774647887,0.13380281690140844
368,0.5833333333333334,0.38095238095238093,0.03571428571428571
369,0.33658536585365856,0.6634146341463415,0.0
370,0.4233576642335766,0.35766423357664234,0.21897810218978103
371,0.6704545454545454,0.32954545454545453,0.0
372,0.5851063829787234,0.3404255319148936,0.07446808510638298
373,0.37383177570093457,0.5233644859813084,0.102803738317757
374,0.6696428571428571,0.20535714285714285,0.125
375,0.7301587301587301,0.2698412698412698,0.0
376,0.5733333333333334,0.4066666666666667,0.02
377,0.4954128440366973,0.4954128440366973,0.009174311926605505
378,0.36363636363636365,0.5818181818181818,0.05454545454545454
379,0.46798029556650245,0.5221674876847291,0.009852216748768473
380,0.4482758620689655,0.5344827586206896,0.017241379310344827
381,0.29444444444444445,0.5777777777777777,0.12777777777777777
382,0.487012987012987,0.45454545454545453,0.05844155844155844
383,0.5416666666666666,0.3611111111111111,0.09722222222222222
384,0.5294117647058824,0.36470588235294116,0.10588235294117647
385,0.42857142857142855,0.5714285714285714,0.0
386,0.2441860465116279,0.43023255813953487,0.32558139534883723
387,0.6782608695652174,0.3217391304347826,0.0
388,0.7013888888888888,0.2569444444444444,0.041666666666666664
389,0.46956521739130436,0.3130434782608696,0.21739130434782608
390,0.42857142857142855,0.5047619047619047,0.06666666666666667
391,0.808695652173913,0.19130434782608696,0.0
392,0.5350877192982456,0.3333333333333333,0.13157894736842105
393,0.3435114503816794,0.5954198473282443,0.061068702290076333
394,0.8875,0.1125,0.0
395,0.5739130434782609,0.3826086956521739,0.043478260869565216
396,0.547945205479452,0.3561643835616438,0.0958904109589041
397,0.5821917808219178,0.2808219178082192,0.136986301369863
398,0.6962962962962963,0.2222222222222222,0.08148148148148149
399,0.45263157894736844,0.5368421052631579,0.010526315789473684
400,0.751937984496124,0.23255813953488372,0.015503875968992248
401,0.5652173913043478,0.3391304347826087,0.09565217391304348
402,0.27906976744186046,0.5720930232558139,0.14883720930232558
403,0.5277777777777778,0.4722222222222222,0.0
404,0.6140350877192983,0.2982456140350877,0.08771929824561403
405,0.2620689655172414,0.7241379310344828,0.013793103448275862
406,0.6638655462184874,0.24369747899159663,0.09243697478991597
407,0.3972602739726027,0.6027397260273972,0.0
408,0.43315508021390375,0.5080213903743316,0.058823529411764705
409,0.20754716981132076,0.6855345911949685,0.1069182389937107
410,0.2623762376237624,0.6732673267326733,0.06435643564356436
411,0.35807860262008734,0.4978165938864629,0.14410480349344978
412,0.4421768707482993,0.5034013605442177,0.05442176870748299
413,0.7058823529411765,0.27450980392156865,0.0196078431372549
414,0.504,0.384,0.112
415,0.35294117647058826,0.22994652406417113,0.41711229946524064
416,0.54375,0.45,0.00625
417,0.10101010101010101,0.7474747474747475,0.15151515151515152
418,0.4625,0.2125,0.325
419,0.11333333333333333,0.7133333333333334,0.17333333333333334
420,0.7089552238805971,0.2835820895522388,0.007462686567164179
421,0.6607142857142857,0.32142857142857145,0.017857142857142856
422,0.6231884057971014,0.3333333333333333,0.043478260869565216
423,0.37305699481865284,0.5544041450777202,0.07253886010362694
424,0.436046511627907,0.45930232558139533,0.10465116279069768
425,0.6756756756756757,0.32432432432432434,0.0
426,0.4935064935064935,0.5064935064935064,0.0
427,0.38571428571428573,0.5714285714285714,0.04285714285714286
428,0.6095890410958904,0.3904109589041096,0.0
429,0.4,0.5333333333333333,0.06666666666666667
430,0.29064039408866993,0.6847290640394089,0.024630541871921183
431,0.6730769230769231,0.2692307692307692,0.057692307692307696
432,0.5,0.425,0.075
433,0.45185185185185184,0.5037037037037037,0.044444444444444446
434,0.5681818181818182,0.4318181818181818,0.0
435,0.7155172413793104,0.23275862068965517,0.05172413793103448
436,0.6545454545454545,0.34545454545454546,0.0
437,0.4888888888888889,0.25555555555555554,0.25555555555555554
438,0.5434782608695652,0.43478260869565216,0.021739130434782608
439,0.6702127659574468,0.0851063829787234,0.24468085106382978
440,0.17218543046357615,0.7350993377483444,0.09271523178807947
441,0.8636363636363636,0.13636363636363635,0.0
442,0.5217391304347826,0.4782608695652174,0.0
443,0.38636363636363635,0.5681818181818182,0.045454545454545456
444,0.13559322033898305,0.6949152542372882,0.1694915254237288
445,0.5645161290322581,0.3709677419354839,0.06451612903225806
446,0.5181818181818182,0.4818181818181818,0.0
447,0.7272727272727273,0.2727272727272727,0.0
448,0.6335877862595419,0.33587786259541985,0.030534351145038167
449,0.7575757575757576,0.15151515151515152,0.09090909090909091
450,0.4936708860759494,0.43037974683544306,0.0759493670886076
451,0.3401360544217687,0.5714285714285714,0.08843537414965986
452,0.39893617021276595,0.26063829787234044,0.3404255319148936
453,0.608,0.368,0.024
454,0.7959183673469388,0.20408163265306123,0.0
455,0.450261780104712,0.5130890052356021,0.03664921465968586
456,0.5454545454545454,0.34545454545454546,0.10909090909090909
457,0.4931506849315068,0.4589041095890411,0.04794520547945205
458,0.7846153846153846,0.2153846153846154,0.0
459,0.8064516129032258,0.14516129032258066,0.04838709677419355
460,0.6019417475728155,0.36893203883495146,0.02912621359223301
461,0.75,0.25,0.0
462,0.691358024691358,0.18518518518518517,0.12345679012345678
463,0.4941860465116279,0.4941860465116279,0.011627906976744186
464,0.5666666666666667,0.43333333333333335,0.0
465,0.4276729559748428,0.5723270440251572,0.0
466,0.18604651162790697,0.46511627906976744,0.3488372093023256
467,0.46296296296296297,0.4444444444444444,0.09259259259259259
468,0.5789473684210527,0.3684210526315789,0.05263157894736842
469,0.5894736842105263,0.4105263157894737,0.0
470,0.5257731958762887,0.44329896907216493,0.030927835051546393
471,0.3862433862433862,0.5555555555555556,0.0582010582010582
472,0.41904761904761906,0.5333333333333333,0.047619047619047616
473,0.5454545454545454,0.30303030303030304,0.15151515151515152
474,0.6530612244897959,0.3469387755102041,0.0
475,0.6634615384615384,0.3173076923076923,0.019230769230769232
476,0.6129032258064516,0.3870967741935484,0.0
477,0.34444444444444444,0.6222222222222222,0.03333333333333333
478,0.7394366197183099,0.16901408450704225,0.09154929577464789
479,0.625,0.375,0.0
480,0.6288659793814433,0.3711340206185567,0.0
481,0.38095238095238093,0.54421768707483,0.07482993197278912
482,0.5784313725490197,0.38235294117647056,0.0392156862745098
483,0.48125,0.51875,0.0
484,0.7391304347826086,0.2608695652173913,0.0
485,0.6666666666666666,0.31851851851851853,0.014814814814814815
486,0.5161290322580645,0.44623655913978494,0.03763440860215054
487,0.45614035087719296,0.42105263157894735,0.12280701754385964
488,0.3967391304347826,0.5760869565217391,0.02717391304347826
489,0.4027777777777778,0.5763888888888888,0.020833333333333332
490,0.6694214876033058,0.256198347107438,0.0743801652892562
491,0.5343511450381679,0.2900763358778626,0.17557251908396945
492,0.5333333333333333,0.36666666666666664,0.1
493,0.8021978021978022,0.1978021978021978,0.0
494,0.5962732919254659,0.391304347826087,0.012422360248447204
495,0.08666666666666667,0.8133333333333334,0.1
496,0.568,0.344,0.088
497,0.5070422535211268,0.4788732394366197,0.014084507042253521
498,0.6585365853658537,0.21951219512195122,0.12195121951219512
499,0.4878048780487805,0.5121951219512195,0.0
500,0.4726027397260274,0.3561643835616438,0.17123287671232876
501,0.532051282051282,0.4166666666666667,0.05128205128205128
502,0.39751552795031053,0.5590062111801242,0.043478260869565216
503,0.5234899328859061,0.3087248322147651,0.16778523489932887
504,0.6339285714285714,0.36607142857142855,0.0
505,0.4046242774566474,0.5606936416184971,0.03468208092485549
506,0.5675675675675675,0.43243243243243246,0.0
507,0.19753086419753085,0.42592592592592593,0.3765432098765432
508,0.5454545454545454,0.45454545454545453,0.0
509,0.25842696629213485,0.5955056179775281,0.14606741573033707
510,0.7298850574712644,0.23563218390804597,0.034482758620689655
511,0.65,0.30833333333333335,0.041666666666666664
512,0.28,0.41333333333333333,0.30666666666666664
513,0.5,0.4444444444444444,0.05555555555555555
514,0.5802469135802469,0.41975308641975306,0.0
515,0.7037037037037037,0.2222222222222222,0.07407407407407407
516,0.3548387096774194,0.6451612903225806,0.0
517,0.5838926174496645,0.38926174496644295,0.026845637583892617
518,0.5384615384615384,0.3230769230769231,0.13846153846153847
519,0.59375,0.40625,0.0
520,0.17985611510791366,0.7410071942446043,0.07913669064748201
521,0.6097560975609756,0.37398373983739835,0.016260162601626018
522,0.5333333333333333,0.26666666666666666,0.2
523,0.5752688172043011,0.3064516129032258,0.11827956989247312
524,0.7205882352941176,0.17647058823529413,0.10294117647058823
525,0.5985915492957746,0.4014084507042254,0.0
526,0.46153846153846156,0.5384615384615384,0.0
527,0.7872340425531915,0.2127659574468085,0.0
528,0.6074766355140186,0.38317757009345793,0.009345794392523364
529,0.41935483870967744,0.5612903225806452,0.01935483870967742
530,0.5728155339805825,0.42718446601941745,0.0
531,0.2138364779874214,0.7232704402515723,0.06289308176100629
532,0.43956043956043955,0.521978021978022,0.038461538461538464
533,0.36,0.632,0.008
534,0.7959183673469388,0.20408163265306123,0.0
535,0.3872549019607843,0.5980392156862745,0.014705882352941176
536,0.3411764705882353,0.6588235294117647,0.0
537,0.3422818791946309,0.37583892617449666,0.28187919463087246
538,0.41025641025641024,0.4230769230769231,0.16666666666666666
539,0.4811320754716981,0.5,0.018867924528301886
540,0.42528735632183906,0.41379310344827586,0.16091954022988506
541,0.1015625,0.7734375,0.125
542,0.6384180790960452,0.3502824858757062,0.011299435028248588
543,0.7096774193548387,0.22580645161290322,0.06451612903225806
544,0.6923076923076923,0.3076923076923077,0.0
545,0.22560975609756098,0.6585365853658537,0.11585365853658537
546,0.8253968253968254,0.1746031746031746,0.0
547,0.6275862068965518,0.33793103448275863,0.034482758620689655
548,0.4015748031496063,0.5748031496062992,0.023622047244094488
549,0.6857142857142857,0.3142857142857143,0.0
550,0.45806451612903226,0.4645161290322581,0.07741935483870968
551,0.6964285714285714,0.26785714285714285,0.03571428571428571
552,0.6697247706422018,0.3302752293577982,0.0
553,0.5301204819277109,0.46987951807228917,0.0
554,0.5887096774193549,0.4112903225806452,0.0
555,0.472,0.456,0.072
556,0.6979166666666666,0.3020833333333333,0.0
557,0.49411764705882355,0.45294117647058824,0.052941176470588235
558,0.3422818791946309,0.6577181208053692,0.0
559,0.4351145038167939,0.44274809160305345,0.12213740458015267
560,0.37606837606837606,0.5641025641025641,0.05982905982905983
561,0.36875,0.5875,0.04375
562,0.48507462686567165,0.5149253731343284,0.0
563,0.6293103448275862,0.3103448275862069,0.0603448275862069
564,0.6545454545454545,0.34545454545454546,0.0
565,0.41358024691358025,0.4876543209876543,0.09876543209876543
566,0.6538461538461539,0.3173076923076923,0.028846153846153848
567,0.4909090909090909,0.509090909090909,0.0
568,0.7582417582417582,0.24175824175824176,0.0
569,0.7469879518072289,0.12048192771084337,0.13253012048192772
570,0.4147465437788018,0.5668202764976958,0.018433179723502304
571,0.6666666666666666,0.30952380952380953,0.023809523809523808
572,0.7666666666666667,0.23333333333333334,0.0
573,0.49390243902439024,0.4695121951219512,0.036585365853658534
574,0.5611510791366906,0.31654676258992803,0.1223021582733813
575,0.7954545454545454,0.20454545454545456,0.0
576,0.6090225563909775,0.39097744360902253,0.0
577,0.496551724137931,0.4896551724137931,0.013793103448275862
578,0.4365079365079365,0.5079365079365079,0.05555555555555555
579,0.38181818181818183,0.6060606060606061,0.012121212121212121
580,0.6601941747572816,0.2815533980582524,0.05825242718446602
581,0.5980392156862745,0.4019607843137255,0.0
582,0.36363636363636365,0.6136363636363636,0.022727272727272728
583,0.6601307189542484,0.24183006535947713,0.09803921568627451
584,0.36231884057971014,0.6376811594202898,0.0
585,0.7386363636363636,0.23863636363636365,0.022727272727272728
586,0.3950617283950617,0.6049382716049383,0.0
587,0.5584415584415584,0.44155844155844154,0.0
588,0.16167664670658682,0.7005988023952096,0.1377245508982036
589,0.389937106918239,0.5157232704402516,0.09433962264150944
590,0.782608695652174,0.08695652173913043,0.13043478260869565
591,0.5232558139534884,0.47674418604651164,0.0
592,0.3064516129032258,0.5967741935483871,0.0967741935483871
593,0.6967213114754098,0.30327868852459017,0.0
594,0.5151515151515151,0.2878787878787879,0.19696969696969696
595,0.8313253012048193,0.1686746987951807,0.0
596,0.7627118644067796,0.22033898305084745,0.01694915254237288
597,0.6566265060240963,0.3433734939759036,0.0
598,0.5267175572519084,0.4732824427480916,0.0
599,0.8205128205128205,0.1794871794871795,0.0
600,0.4634146341463415,0.5365853658536586,0.0
601,0.5706806282722513,0.4293193717277487,0.0
602,0.13157894736842105,0.7192982456140351,0.14912280701754385
603,0.7473684210526316,0.25263157894736843,0.0
604,0.47619047619047616,0.38095238095238093,0.14285714285714285
605,0.3333333333333333,0.625,0.041666666666666664
606,0.6632653061224489,0.336734693877551,0.0
607,0.2857142857142857,0.6706349206349206,0.04365079365079365
608,0.4375,0.49038461538461536,0.07211538461538461
609,0.9,0.1,0.0
610,0.3448275862068966,0.39655172413793105,0.25862068965517243
611,0.4927536231884058,0.5072463768115942,0.0
612,0.6140350877192983,0.38596491228070173,0.0
613,0.248,0.608,0.144
614,0.2057142857142857,0.7485714285714286,0.045714285714285714
615,0.7258064516129032,0.24193548387096775,0.03225806451612903
616,0.686046511627907,0.26744186046511625,0.046511627906976744
617,0.5420560747663551,0.45794392523364486,0.0
618,0.5439560439560439,0.38461538461538464,0.07142857142857142
619,0.5144927536231884,0.4855072463768116,0.0
620,0.2851063829787234,0.6893617021276596,0.02553191489361702
621,0.7682926829268293,0.23170731707317074,0.0
622,0.7054263565891473,0.24806201550387597,0.046511627906976744
623,0.7849462365591398,0.21505376344086022,0.0
624,0.49029126213592233,0.4854368932038835,0.024271844660194174
625,0.5514705882352942,0.3897058823529412,0.058823529411764705
626,0.5029239766081871,0.3684210526315789,0.1286549707602339
627,0.4424778761061947,0.504424778761062,0.05309734513274336
628,0.7094017094017094,0.2905982905982906,0.0
629,0.2660098522167488,0.5172413793103449,0.21674876847290642
630,0.4166666666666667,0.5277777777777778,0.05555555555555555
631,0.5845070422535211,0.4014084507042254,0.014084507042253521
632,0.47540983606557374,0.5245901639344263,0.0
633,0.4580152671755725,0.5114503816793893,0.030534351145038167
634,0.7125,0.2875,0.0
635,0.7739130434782608,0.1826086956521739,0.043478260869565216
636,0.24,0.696,0.064
637,0.46153846153846156,0.25384615384615383,0.2846153846153846
638,0.5739130434782609,0.3826086956521739,0.043478260869565216
639,0.425,0.575,0.0
640,0.8064516129032258,0.1532258064516129,0.04032258064516129
641,0.44715447154471544,0.4146341463414634,0.13821138211382114
642,0.7142857142857143,0.2857142857142857,0.0
643,0.3546099290780142,0.475177304964539,0.1702127659574468
644,0.5128205128205128,0.29914529914529914,0.18803418803418803
645,0.7241379310344828,0.27586206896551724,0.0
646,0.48623853211009177,0.3394495412844037,0.1743119266055046
647,0.5714285714285714,0.42857142857142855,0.0
648,0.5242718446601942,0.47572815533980584,0.0
649,0.5581395348837209,0.4186046511627907,0.023255813953488372
650,0.8762886597938144,0.12371134020618557,0.0
651,0.6621621621621622,0.2702702702702703,0.06756756756756757
652,0.6115702479338843,0.35537190082644626,0.03305785123966942
653,0.6075949367088608,0.35443037974683544,0.0379746835443038
654,0.45652173913043476,0.5260869565217391,0.017391304347826087
655,0.673469387755102,0.32653061224489793,0.0
656,0.4444444444444444,0.543859649122807,0.011695906432748537
657,0.47953216374269003,0.49707602339181284,0.023391812865497075
658,0.6024844720496895,0.39751552795031053,0.0
659,0.6371681415929203,0.36283185840707965,0.0
660,0.33884297520661155,0.6363636363636364,0.024793388429752067
661,0.5777777777777777,0.4222222222222222,0.0
662,0.449438202247191,0.5112359550561798,0.03932584269662921
663,0.24509803921568626,0.696078431372549,0.058823529411764705
664,0.4868421052631579,0.47368421052631576,0.039473684210526314
665,0.5176470588235295,0.4235294117647059,0.058823529411764705
666,0.39375,0.55625,0.05
667,0.6024096385542169,0.39759036144578314,0.0
668,0.6614173228346457,0.2755905511811024,0.06299212598425197
669,0.6097560975609756,0.3902439024390244,0.0
670,0.6,0.2714285714285714,0.12857142857142856
671,0.4838709677419355,0.4946236559139785,0.021505376344086023
672,0.6,0.32,0.08
673,0.28662420382165604,0.6942675159235668,0.01910828025477707
674,0.5227272727272727,0.4772727272727273,0.0
675,0.40714285714285714,0.5642857142857143,0.02857142857142857
676,0.3956043956043956,0.4725274725274725,0.13186813186813187
677,0.4307692307692308,0.4076923076923077,0.16153846153846155
678,0.16279069767441862,0.751937984496124,0.08527131782945736
679,0.3355263157894737,0.5328947368421053,0.13157894736842105
680,0.1592920353982301,0.7610619469026548,0.07964601769911504
681,0.4010416666666667,0.5520833333333334,0.046875
682,0.6323529411764706,0.25735294117647056,0.11029411764705882
683,0.7804878048780488,0.21951219512195122,0.0
684,0.6521739130434783,0.3333333333333333,0.014492753623188406
685,0.5960591133004927,0.27586206896551724,0.12807881773399016
686,0.3969465648854962,0.5267175572519084,0.07633587786259542
687,0.4652777777777778,0.5138888888888888,0.020833333333333332
688,0.4367816091954023,0.25287356321839083,0.3103448275862069
689,0.7936507936507936,0.19047619047619047,0.015873015873015872
690,0.7872340425531915,0.2127659574468085,0.0
691,0.3870967741935484,0.6129032258064516,0.0
692,0.3620689655172414,0.6379310344827587,0.0
693,0.7372881355932204,0.2542372881355932,0.00847457627118644
694,0.6055045871559633,0.3302752293577982,0.06422018348623854
695,0.3728813559322034,0.5,0.1271186440677966
696,0.55,0.4142857142857143,0.03571428571428571
697,0.4883720930232558,0.4941860465116279,0.01744186046511628
698,0.14792899408284024,0.6923076923076923,0.15976331360946747
699,0.35570469798657717,0.6241610738255033,0.020134228187919462
700,0.5108695652173914,0.4891304347826087,0.0
701,0.3556701030927835,0.4742268041237113,0.17010309278350516
702,0.44036697247706424,0.5045871559633027,0.05504587155963303
703,0.34074074074074073,0.43703703703703706,0.2222222222222222
704,0.5923566878980892,0.39490445859872614,0.012738853503184714
705,0.6407766990291263,0.32038834951456313,0.038834951456310676
706,0.4791666666666667,0.5208333333333334,0.0
707,0.3525641025641026,0.6474358974358975,0.0
708,0.45794392523364486,0.5327102803738317,0.009345794392523364
709,0.43434343434343436,0.5,0.06565656565656566
710,0.5584415584415584,0.44155844155844154,0.0
711,0.4195804195804196,0.5804195804195804,0.0
712,0.624,0.376,0.0
713,0.6,0.4,0.0
714,0.4247787610619469,0.4424778761061947,0.13274336283185842
715,0.7176470588235294,0.2823529411764706,0.0
716,0.2903225806451613,0.5806451612903226,0.12903225806451613
717,0.5909090909090909,0.36363636363636365,0.045454545454545456
718,0.7142857142857143,0.2857142857142857,0.0
719,0.7058823529411765,0.25,0.04411764705882353
720,0.3883495145631068,0.27184466019417475,0.33980582524271846
721,0.24630541871921183,0.7192118226600985,0.034482758620689655
722,0.30917874396135264,0.5410628019323671,0.1497584541062802
723,0.496,0.456,0.048
724,0.6726190476190477,0.3273809523809524,0.0
725,0.6311475409836066,0.3360655737704918,0.03278688524590164
726,0.2909090909090909,0.7090909090909091,0.0
727,0.6590909090909091,0.3409090909090909,0.0
