,casa,outro,deslocamento
0,0.12121212121212122,0.3333333333333333,0.5454545454545454
1,0.2,0.25333333333333335,0.5466666666666666
2,0.22972972972972974,0.0,0.7702702702702703
3,0.16071428571428573,0.22321428571428573,0.6160714285714286
4,0.18018018018018017,0.1891891891891892,0.6306306306306306
5,0.12658227848101267,0.18354430379746836,0.689873417721519
6,0.3684210526315789,0.02631578947368421,0.6052631578947368
7,0.3114754098360656,0.0,0.6885245901639344
8,0.19047619047619047,0.0,0.8095238095238095
9,0.07339449541284404,0.29357798165137616,0.6330275229357798
10,0.08771929824561403,0.2982456140350877,0.6140350877192983
11,0.1111111111111111,0.28888888888888886,0.6
12,0.19387755102040816,0.1836734693877551,0.6224489795918368
13,0.45454545454545453,0.0,0.5454545454545454
14,0.31746031746031744,0.015873015873015872,0.6666666666666666
15,0.22807017543859648,0.03508771929824561,0.7368421052631579
16,0.14285714285714285,0.0,0.8571428571428571
17,0.03225806451612903,0.03225806451612903,0.9354838709677419
18,0.2727272727272727,0.0,0.7272727272727273
19,0.35051546391752575,0.29896907216494845,0.35051546391752575
20,0.2857142857142857,0.0,0.7142857142857143
21,0.3023255813953488,0.0,0.6976744186046512
22,0.16853932584269662,0.0449438202247191,0.7865168539325843
23,0.0,0.12,0.88
24,0.36363636363636365,0.045454545454545456,0.5909090909090909
25,0.16129032258064516,0.06451612903225806,0.7741935483870968
26,0.189873417721519,0.0,0.810126582278481
27,0.0,0.10989010989010989,0.8901098901098901
28,0.18421052631578946,0.0,0.8157894736842105
29,0.06060606060606061,0.24242424242424243,0.696969696969697
30,0.12389380530973451,0.13274336283185842,0.7433628318584071
31,0.2545454545454545,0.10909090909090909,0.6363636363636364
32,0.009900990099009901,0.0,0.9900990099009901
33,0.047619047619047616,0.23809523809523808,0.7142857142857143
34,0.16981132075471697,0.24528301886792453,0.5849056603773585
35,0.20833333333333334,0.0,0.7916666666666666
36,0.09574468085106383,0.031914893617021274,0.8723404255319149
37,0.1743119266055046,0.01834862385321101,0.8073394495412844
38,0.18181818181818182,0.0,0.8181818181818182
39,0.13157894736842105,0.15789473684210525,0.7105263157894737
40,0.06818181818181818,0.0,0.9318181818181818
41,0.225,0.0875,0.6875
42,0.1415929203539823,0.10619469026548672,0.7522123893805309
43,0.08943089430894309,0.6016260162601627,0.3089430894308943
44,0.5714285714285714,0.0,0.42857142857142855
45,0.29411764705882354,0.029411764705882353,0.6764705882352942
46,0.17391304347826086,0.0,0.8260869565217391
47,0.19047619047619047,0.20634920634920634,0.6031746031746031
48,0.2535211267605634,0.04225352112676056,0.704225352112676
49,0.0,0.38461538461538464,0.6153846153846154
50,0.07377049180327869,0.23770491803278687,0.6885245901639344
51,0.13333333333333333,0.11666666666666667,0.75
52,0.08108108108108109,0.09009009009009009,0.8288288288288288
53,0.4375,0.125,0.4375
54,0.0,0.16161616161616163,0.8383838383838383
55,0.11235955056179775,0.1348314606741573,0.7528089887640449
56,0.23529411764705882,0.11764705882352941,0.6470588235294118
57,0.2765957446808511,0.2765957446808511,0.44680851063829785
58,0.16831683168316833,0.1485148514851485,0.6831683168316832
59,0.11428571428571428,0.18571428571428572,0.7
60,0.2459016393442623,0.0,0.7540983606557377
61,0.10526315789473684,0.02631578947368421,0.868421052631579
62,0.21897810218978103,0.21897810218978103,0.5620437956204379
63,0.10434782608695652,0.1391304347826087,0.7565217391304347
64,0.0,0.37142857142857144,0.6285714285714286
65,0.25287356321839083,0.09195402298850575,0.6551724137931034
66,0.0,0.2289156626506024,0.7710843373493976
67,0.03409090909090909,0.06818181818181818,0.8977272727272727
68,0.0,0.35294117647058826,0.6470588235294118
69,0.010101010101010102,0.020202020202020204,0.9696969696969697
70,0.2777777777777778,0.07407407407407407,0.6481481481481481
71,0.1016949152542373,0.2542372881355932,0.6440677966101694
72,0.07746478873239436,0.056338028169014086,0.8661971830985915
73,0.30337078651685395,0.30337078651685395,0.39325842696629215
74,0.1917808219178082,0.0,0.8082191780821918
75,0.40625,0.03125,0.5625
76,0.2361111111111111,0.3194444444444444,0.4444444444444444
77,0.20168067226890757,0.03361344537815126,0.7647058823529411
78,0.14184397163120568,0.2624113475177305,0.5957446808510638
79,0.17346938775510204,0.0,0.826530612244898
80,0.2,0.15,0.65
81,0.22916666666666666,0.0,0.7708333333333334
82,0.0,0.23008849557522124,0.7699115044247787
83,0.2,0.15,0.65
84,0.47368421052631576,0.0,0.5263157894736842
85,0.19626168224299065,0.3177570093457944,0.48598130841121495
86,0.17857142857142858,0.09523809523809523,0.7261904761904762
87,0.3076923076923077,0.0,0.6923076923076923
88,0.20869565217391303,0.008695652173913044,0.782608695652174
89,0.0,0.3829787234042553,0.6170212765957447
90,0.1310344827586207,0.0896551724137931,0.7793103448275862
91,0.24489795918367346,0.0,0.7551020408163265
92,0.32608695652173914,0.0,0.6739130434782609
93,0.14035087719298245,0.017543859649122806,0.8421052631578947
94,0.11363636363636363,0.23863636363636365,0.6477272727272727
95,0.12389380530973451,0.061946902654867256,0.8141592920353983
96,0.1487603305785124,0.0,0.8512396694214877
97,0.3181818181818182,0.13636363636363635,0.5454545454545454
98,0.15625,0.041666666666666664,0.8020833333333334
99,0.08620689655172414,0.0,0.9137931034482759
100,0.25,0.15217391304347827,0.5978260869565217
101,0.5,0.0,0.5
102,0.16883116883116883,0.05194805194805195,0.7792207792207793
103,0.043209876543209874,0.16666666666666666,0.7901234567901234
104,0.11363636363636363,0.09090909090909091,0.7954545454545454
105,0.0,0.2727272727272727,0.7272727272727273
106,0.3302752293577982,0.22935779816513763,0.44036697247706424
107,0.15294117647058825,0.25882352941176473,0.5882352941176471
108,0.2875,0.0,0.7125
109,0.09649122807017543,0.03508771929824561,0.868421052631579
110,0.2727272727272727,0.07272727272727272,0.6545454545454545
111,0.0,0.4435483870967742,0.5564516129032258
112,0.08411214953271028,0.22429906542056074,0.6915887850467289
113,0.09411764705882353,0.49411764705882355,0.4117647058823529
114,0.375,0.1875,0.4375
115,0.051470588235294115,0.19117647058823528,0.7573529411764706
116,0.019867549668874173,0.09933774834437085,0.8807947019867549
117,0.046511627906976744,0.046511627906976744,0.9069767441860465
118,0.09859154929577464,0.14084507042253522,0.7605633802816901
119,0.21568627450980393,0.06862745098039216,0.7156862745098039
120,0.20930232558139536,0.4418604651162791,0.3488372093023256
121,0.14285714285714285,0.047619047619047616,0.8095238095238095
122,0.2542372881355932,0.03389830508474576,0.711864406779661
123,0.25,0.0,0.75
124,0.3333333333333333,0.0,0.6666666666666666
125,0.0,0.2804878048780488,0.7195121951219512
126,0.0,0.30952380952380953,0.6904761904761905
127,0.17647058823529413,0.12605042016806722,0.6974789915966386
128,0.189873417721519,0.11392405063291139,0.6962025316455697
129,0.18840579710144928,0.028985507246376812,0.782608695652174
130,0.06722689075630252,0.0,0.9327731092436975
131,0.15151515151515152,0.04040404040404041,0.8080808080808081
132,0.19753086419753085,0.07407407407407407,0.7283950617283951
133,0.05263157894736842,0.19298245614035087,0.7543859649122807
134,0.20952380952380953,0.11428571428571428,0.6761904761904762
135,0.0,0.14414414414414414,0.8558558558558559
136,0.0,0.17543859649122806,0.8245614035087719
137,0.22972972972972974,0.4189189189189189,0.35135135135135137
138,0.18,0.0,0.82
139,0.26436781609195403,0.2413793103448276,0.4942528735632184
140,0.13793103448275862,0.1724137931034483,0.6896551724137931
141,0.04950495049504951,0.0891089108910891,0.8613861386138614
142,0.12280701754385964,0.0,0.8771929824561403
143,0.175,0.058333333333333334,0.7666666666666667
144,0.27906976744186046,0.2441860465116279,0.47674418604651164
145,0.02112676056338028,0.056338028169014086,0.9225352112676056
146,0.0,0.23809523809523808,0.7619047619047619
147,0.0,0.19718309859154928,0.8028169014084507
148,0.24,0.04,0.72
149,0.20270270270270271,0.16891891891891891,0.6283783783783784
150,0.17857142857142858,0.08928571428571429,0.7321428571428571
151,0.0,0.20238095238095238,0.7976190476190477
152,0.24,0.0,0.76
153,0.23684210526315788,0.039473684210526314,0.7236842105263158
154,0.18181818181818182,0.06818181818181818,0.75
155,0.13636363636363635,0.045454545454545456,0.8181818181818182
156,0.21739130434782608,0.14492753623188406,0.6376811594202898
157,0.30434782608695654,0.21739130434782608,0.4782608695652174
158,0.17647058823529413,0.0,0.8235294117647058
159,0.3018867924528302,0.0,0.6981132075471698
160,0.07547169811320754,0.0,0.9245283018867925
161,0.0851063829787234,0.1702127659574468,0.7446808510638298
162,0.3333333333333333,0.0,0.6666666666666666
163,0.15294117647058825,0.08235294117647059,0.7647058823529411
164,0.0,0.140625,0.859375
165,0.2765957446808511,0.0,0.723404255319149
166,0.1308411214953271,0.04672897196261682,0.822429906542056
167,0.25862068965517243,0.0,0.7413793103448276
168,0.1935483870967742,0.0,0.8064516129032258
169,0.17777777777777778,0.044444444444444446,0.7777777777777778
170,0.15384615384615385,0.11538461538461539,0.7307692307692307
171,0.2916666666666667,0.0,0.7083333333333334
172,0.1588785046728972,0.19626168224299065,0.6448598130841121
173,0.34210526315789475,0.0,0.6578947368421053
174,0.25,0.0,0.75
175,0.2891566265060241,0.3253012048192771,0.3855421686746988
176,0.0,0.1125,0.8875
177,0.17647058823529413,0.0196078431372549,0.803921568627451
178,0.22388059701492538,0.14925373134328357,0.6268656716417911
179,0.2127659574468085,0.2127659574468085,0.574468085106383
180,0.2077922077922078,0.025974025974025976,0.7662337662337663
181,0.2857142857142857,0.0,0.7142857142857143
182,0.05027932960893855,0.07262569832402235,0.8770949720670391
183,0.23333333333333334,0.0,0.7666666666666667
184,0.028846153846153848,0.21153846153846154,0.7596153846153846
185,0.09016393442622951,0.3442622950819672,0.5655737704918032
186,0.13333333333333333,0.10476190476190476,0.7619047619047619
187,0.20689655172413793,0.1206896551724138,0.6724137931034483
188,0.1875,0.0875,0.725
189,0.14166666666666666,0.2,0.6583333333333333
190,0.2777777777777778,0.0,0.7222222222222222
191,0.12244897959183673,0.12244897959183673,0.7551020408163265
192,0.18292682926829268,0.14634146341463414,0.6707317073170732
193,0.10204081632653061,0.08163265306122448,0.8163265306122449
194,0.4411764705882353,0.14705882352941177,0.4117647058823529
195,0.1125,0.075,0.8125
196,0.2702702702702703,0.013513513513513514,0.7162162162162162
197,0.15384615384615385,0.02564102564102564,0.8205128205128205
198,0.0,0.2608695652173913,0.7391304347826086
199,0.23728813559322035,0.1016949152542373,0.6610169491525424
200,0.0,0.25,0.75
201,0.2857142857142857,0.0,0.7142857142857143
202,0.136,0.568,0.296
203,0.07751937984496124,0.09302325581395349,0.8294573643410853
204,0.16455696202531644,0.0,0.8354430379746836
205,0.2,0.06153846153846154,0.7384615384615385
206,0.07608695652173914,0.29347826086956524,0.6304347826086957
207,0.07751937984496124,0.007751937984496124,0.9147286821705426
208,0.17088607594936708,0.1962025316455696,0.6329113924050633
209,0.2608695652173913,0.014492753623188406,0.7246376811594203
210,0.0,0.14285714285714285,0.8571428571428571
211,0.4444444444444444,0.05555555555555555,0.5
212,0.14814814814814814,0.0,0.8518518518518519
213,0.1111111111111111,0.3888888888888889,0.5
214,0.1956521739130435,0.0,0.8043478260869565
215,0.05063291139240506,0.12025316455696203,0.8291139240506329
216,0.23809523809523808,0.047619047619047616,0.7142857142857143
217,0.0,0.13043478260869565,0.8695652173913043
218,0.057971014492753624,0.09420289855072464,0.8478260869565217
219,0.05217391304347826,0.2,0.7478260869565218
220,0.14516129032258066,0.06451612903225806,0.7903225806451613
221,0.16666666666666666,0.1794871794871795,0.6538461538461539
222,0.2702702702702703,0.2702702702702703,0.4594594594594595
223,0.09433962264150944,0.0,0.9056603773584906
224,0.05063291139240506,0.06329113924050633,0.8860759493670886
225,0.17543859649122806,0.2631578947368421,0.5614035087719298
226,0.29411764705882354,0.0,0.7058823529411765
227,0.0,0.23333333333333334,0.7666666666666667
228,0.2727272727272727,0.0,0.7272727272727273
229,0.11538461538461539,0.23076923076923078,0.6538461538461539
230,0.0967741935483871,0.10752688172043011,0.7956989247311828
231,0.16666666666666666,0.0,0.8333333333333334
232,0.3,0.25,0.45
233,0.0,0.2608695652173913,0.7391304347826086
234,0.07746478873239436,0.014084507042253521,0.9084507042253521
235,0.25925925925925924,0.037037037037037035,0.7037037037037037
236,0.12751677852348994,0.06711409395973154,0.8053691275167785
237,0.2549019607843137,0.0392156862745098,0.7058823529411765
238,0.0547945205479452,0.1917808219178082,0.7534246575342466
239,0.0,0.2972972972972973,0.7027027027027027
240,0.16901408450704225,0.0,0.8309859154929577
241,0.27884615384615385,0.21153846153846154,0.5096153846153846
242,0.2169811320754717,0.18867924528301888,0.5943396226415094
243,0.0891089108910891,0.12871287128712872,0.7821782178217822
244,0.2871287128712871,0.2376237623762376,0.4752475247524752
245,0.17391304347826086,0.0,0.8260869565217391
246,0.24242424242424243,0.0,0.7575757575757576
247,0.10185185185185185,0.12962962962962962,0.7685185185185185
248,0.05747126436781609,0.19540229885057472,0.7471264367816092
249,0.2796610169491525,0.19491525423728814,0.5254237288135594
250,0.25925925925925924,0.14814814814814814,0.5925925925925926
251,0.02197802197802198,0.25274725274725274,0.7252747252747253
252,0.07547169811320754,0.10377358490566038,0.8207547169811321
253,0.15,0.0,0.85
254,0.2689655172413793,0.21379310344827587,0.5172413793103449
255,0.08823529411764706,0.09558823529411764,0.8161764705882353
256,0.38095238095238093,0.0,0.6190476190476191
257,0.144,0.056,0.8
258,0.046875,0.1484375,0.8046875
259,0.0761904761904762,0.1523809523809524,0.7714285714285715
260,0.09259259259259259,0.5555555555555556,0.35185185185185186
261,0.1875,0.17708333333333334,0.6354166666666666
262,0.12612612612612611,0.06306306306306306,0.8108108108108109
263,0.12643678160919541,0.09195402298850575,0.7816091954022989
264,0.0,0.24528301886792453,0.7547169811320755
265,0.0,0.1485148514851485,0.8514851485148515
266,0.2727272727272727,0.030303030303030304,0.696969696969697
267,0.14150943396226415,0.0,0.8584905660377359
268,0.15492957746478872,0.0,0.8450704225352113
269,0.10619469026548672,0.017699115044247787,0.8761061946902655
270,0.05511811023622047,0.007874015748031496,0.937007874015748
271,0.16042780748663102,0.12299465240641712,0.7165775401069518
272,0.18,0.08,0.74
273,0.21153846153846154,0.019230769230769232,0.7692307692307693
274,0.05454545454545454,0.14545454545454545,0.8
275,0.2962962962962963,0.0,0.7037037037037037
276,0.0,0.24528301886792453,0.7547169811320755
277,0.05263157894736842,0.34210526315789475,0.6052631578947368
278,0.3125,0.171875,0.515625
279,0.0,0.2222222222222222,0.7777777777777778
280,0.09433962264150944,0.0,0.9056603773584906
281,0.24324324324324326,0.0,0.7567567567567568
282,0.036585365853658534,0.13414634146341464,0.8292682926829268
283,0.16521739130434782,0.2782608695652174,0.5565217391304348
284,0.11538461538461539,0.0,0.8846153846153846
285,0.10852713178294573,0.046511627906976744,0.8449612403100775
286,0.3,0.06666666666666667,0.6333333333333333
287,0.20930232558139536,0.0,0.7906976744186046
288,0.17857142857142858,0.4107142857142857,0.4107142857142857
289,0.3409090909090909,0.09090909090909091,0.5681818181818182
290,0.10638297872340426,0.0,0.8936170212765957
291,0.0967741935483871,0.0967741935483871,0.8064516129032258
292,0.27848101265822783,0.12658227848101267,0.5949367088607594
293,0.20454545454545456,0.11363636363636363,0.6818181818181818
294,0.16216216216216217,0.08108108108108109,0.7567567567567568
295,0.2916666666666667,0.0,0.7083333333333334
296,0.0,0.0,1.0
297,0.1388888888888889,0.0,0.8611111111111112
298,0.013888888888888888,0.1527777777777778,0.8333333333333334
299,0.14084507042253522,0.06338028169014084,0.795774647887324
300,0.0,0.34545454545454546,0.6545454545454545
301,0.2702702702702703,0.0,0.7297297297297297
302,0.0,0.13392857142857142,0.8660714285714286
303,0.20634920634920634,0.0,0.7936507936507936
304,0.2727272727272727,0.14285714285714285,0.5844155844155844
305,0.2073170731707317,0.0,0.7926829268292683
306,0.25,0.025,0.725
307,0.3333333333333333,0.0,0.6666666666666666
308,0.0,0.17857142857142858,0.8214285714285714
309,0.06060606060606061,0.0,0.9393939393939394
310,0.2153846153846154,0.07692307692307693,0.7076923076923077
311,0.3402061855670103,0.27835051546391754,0.38144329896907214
312,0.32727272727272727,0.07272727272727272,0.6
313,0.13953488372093023,0.09302325581395349,0.7674418604651163
314,0.10674157303370786,0.16292134831460675,0.7303370786516854
315,0.13636363636363635,0.045454545454545456,0.8181818181818182
316,0.3103448275862069,0.034482758620689655,0.6551724137931034
317,0.06818181818181818,0.11363636363636363,0.8181818181818182
318,0.0,0.015151515151515152,0.9848484848484849
319,0.2692307692307692,0.0,0.7307692307692307
320,0.26785714285714285,0.0,0.7321428571428571
321,0.13793103448275862,0.0,0.8620689655172413
322,0.1774193548387097,0.0967741935483871,0.7258064516129032
323,0.18604651162790697,0.0,0.813953488372093
324,0.34615384615384615,0.08974358974358974,0.5641025641025641
325,0.27586206896551724,0.0,0.7241379310344828
326,0.14516129032258066,0.20161290322580644,0.6532258064516129
327,0.09375,0.078125,0.828125
328,0.0,0.47692307692307695,0.5230769230769231
329,0.2558139534883721,0.13953488372093023,0.6046511627906976
330,0.17142857142857143,0.0,0.8285714285714286
331,0.3333333333333333,0.0,0.6666666666666666
332,0.13846153846153847,0.0,0.8615384615384616
333,0.2702702702702703,0.0,0.7297297297297297
334,0.16521739130434782,0.28695652173913044,0.5478260869565217
335,0.15625,0.015625,0.828125
336,0.03614457831325301,0.03614457831325301,0.927710843373494
337,0.15254237288135594,0.0,0.847457627118644
338,0.21621621621621623,0.06756756756756757,0.7162162162162162
339,0.14545454545454545,0.0,0.8545454545454545
340,0.15151515151515152,0.0,0.8484848484848485
341,0.06015037593984962,0.007518796992481203,0.9323308270676691
342,0.0425531914893617,0.0,0.9574468085106383
343,0.12121212121212122,0.0,0.8787878787878788
344,0.3469387755102041,0.04081632653061224,0.6122448979591837
345,0.22666666666666666,0.05333333333333334,0.72
346,0.19,0.03,0.78
347,0.13170731707317074,0.33170731707317075,0.5365853658536586
348,0.4166666666666667,0.0,0.5833333333333334
349,0.16964285714285715,0.044642857142857144,0.7857142857142857
350,0.140625,0.0546875,0.8046875
351,0.0,0.17073170731707318,0.8292682926829268
352,0.17708333333333334,0.14583333333333334,0.6770833333333334
353,0.061224489795918366,0.32653061224489793,0.6122448979591837
354,0.2564102564102564,0.0,0.7435897435897436
355,0.22950819672131148,0.19672131147540983,0.5737704918032787
356,0.06382978723404255,0.0,0.9361702127659575
357,0.09722222222222222,0.041666666666666664,0.8611111111111112
358,0.17857142857142858,0.13095238095238096,0.6904761904761905
359,0.047619047619047616,0.14285714285714285,0.8095238095238095
360,0.24285714285714285,0.17142857142857143,0.5857142857142857
361,0.21641791044776118,0.20149253731343283,0.582089552238806
362,0.0,0.17094017094017094,0.8290598290598291
363,0.16326530612244897,0.12244897959183673,0.7142857142857143
364,0.06206896551724138,0.0,0.9379310344827586
365,0.0967741935483871,0.3333333333333333,0.5698924731182796
366,0.09375,0.0,0.90625
367,0.15217391304347827,0.15217391304347827,0.6956521739130435
368,0.0,0.14864864864864866,0.8513513513513513
369,0.1956521739130435,0.30434782608695654,0.5
370,0.2608695652173913,0.0,0.7391304347826086
371,0.2,0.0375,0.7625
372,0.12345679012345678,0.024691358024691357,0.8518518518518519
373,0.0,0.08490566037735849,0.9150943396226415
374,0.05737704918032787,0.01639344262295082,0.9262295081967213
375,0.15789473684210525,0.02631578947368421,0.8157894736842105
376,0.12738853503184713,0.1464968152866242,0.7261146496815286
377,0.21,0.09,0.7
378,0.10810810810810811,0.1891891891891892,0.7027027027027027
379,0.2857142857142857,0.16071428571428573,0.5535714285714286
380,0.14285714285714285,0.0,0.8571428571428571
381,0.015151515151515152,0.42424242424242425,0.5606060606060606
382,0.3333333333333333,0.0,0.6666666666666666
383,0.1935483870967742,0.0967741935483871,0.7096774193548387
384,0.3113207547169811,0.2358490566037736,0.4528301886792453
385,0.07692307692307693,0.1076923076923077,0.8153846153846154
386,0.35135135135135137,0.0,0.6486486486486487
387,0.2112676056338028,0.2112676056338028,0.5774647887323944
388,0.15454545454545454,0.08181818181818182,0.7636363636363637
389,0.4,0.0,0.6
390,0.24615384615384617,0.07692307692307693,0.676923076923077
391,0.18518518518518517,0.1728395061728395,0.6419753086419753
392,0.07575757575757576,0.30303030303030304,0.6212121212121212
393,0.26785714285714285,0.19642857142857142,0.5357142857142857
394,0.16901408450704225,0.014084507042253521,0.8169014084507042
395,0.23809523809523808,0.047619047619047616,0.7142857142857143
396,0.019230769230769232,0.23076923076923078,0.75
397,0.0,0.21518987341772153,0.7848101265822784
398,0.2727272727272727,0.0,0.7272727272727273
399,0.12,0.2,0.68
400,0.06956521739130435,0.017391304347826087,0.9130434782608695
401,0.4,0.16,0.44
402,0.037037037037037035,0.0,0.9629629629629629
403,0.16535433070866143,0.08661417322834646,0.7480314960629921
404,0.06666666666666667,0.1259259259259259,0.8074074074074075
405,0.08024691358024691,0.08024691358024691,0.8395061728395061
406,0.1301775147928994,0.1952662721893491,0.6745562130177515
407,0.05747126436781609,0.09195402298850575,0.8505747126436781
408,0.17333333333333334,0.18666666666666668,0.64
409,0.28402366863905326,0.46153846153846156,0.25443786982248523
410,0.17045454545454544,0.011363636363636364,0.8181818181818182
411,0.10101010101010101,0.15151515151515152,0.7474747474747475
412,0.12727272727272726,0.4727272727272727,0.4
413,0.11333333333333333,0.17333333333333334,0.7133333333333334
414,0.2727272727272727,0.01818181818181818,0.7090909090909091
415,0.09090909090909091,0.045454545454545456,0.8636363636363636
416,0.22388059701492538,0.08955223880597014,0.6865671641791045
417,0.014598540145985401,0.15328467153284672,0.8321167883211679
418,0.21774193548387097,0.14516129032258066,0.6370967741935484
419,0.25,0.0,0.75
420,0.13043478260869565,0.0,0.8695652173913043
421,0.044444444444444446,0.06666666666666667,0.8888888888888888
422,0.1125,0.0,0.8875
423,0.09803921568627451,0.11764705882352941,0.7843137254901961
424,0.058823529411764705,0.032679738562091505,0.9084967320261438
425,0.0,0.21052631578947367,0.7894736842105263
426,0.1320754716981132,0.11320754716981132,0.7547169811320755
427,0.19626168224299065,0.056074766355140186,0.7476635514018691
428,0.16176470588235295,0.0,0.8382352941176471
429,0.2641509433962264,0.1320754716981132,0.6037735849056604
430,0.0,0.0,1.0
431,0.22950819672131148,0.39344262295081966,0.3770491803278688
432,0.0,0.7419354838709677,0.25806451612903225
433,0.03731343283582089,0.11194029850746269,0.8507462686567164
434,0.25,0.0,0.75
435,0.0,0.0,1.0
436,0.15625,0.0625,0.78125
437,0.0,0.19607843137254902,0.803921568627451
438,0.11475409836065574,0.13114754098360656,0.7540983606557377
439,0.18461538461538463,0.0,0.8153846153846154
440,0.3076923076923077,0.0,0.6923076923076923
441,0.21875,0.0625,0.71875
442,0.4666666666666667,0.2,0.3333333333333333
443,0.22033898305084745,0.13559322033898305,0.6440677966101694
444,0.0,0.13402061855670103,0.865979381443299
445,0.18115942028985507,0.463768115942029,0.35507246376811596
446,0.24615384615384617,0.046153846153846156,0.7076923076923077
447,0.2857142857142857,0.0,0.7142857142857143
448,0.16,0.048,0.792
449,0.0,0.24,0.76
450,0.10588235294117647,0.08235294117647059,0.8117647058823529
451,0.3181818181818182,0.0,0.6818181818181818
452,0.4,0.15,0.45
453,0.15517241379310345,0.08620689655172414,0.7586206896551724
454,0.21739130434782608,0.0,0.782608695652174
455,0.0,0.39285714285714285,0.6071428571428571
456,0.08421052631578947,0.021052631578947368,0.8947368421052632
457,0.35,0.0,0.65
458,0.08490566037735849,0.0,0.9150943396226415
459,0.05405405405405406,0.40540540540540543,0.5405405405405406
460,0.275,0.125,0.6
461,0.2727272727272727,0.09090909090909091,0.6363636363636364
462,0.04878048780487805,0.0,0.9512195121951219
463,0.19298245614035087,0.05263157894736842,0.7543859649122807
464,0.10077519379844961,0.08527131782945736,0.813953488372093
465,0.05405405405405406,0.08108108108108109,0.8648648648648649
466,0.34782608695652173,0.21739130434782608,0.43478260869565216
467,0.19047619047619047,0.0,0.8095238095238095
468,0.125,0.0625,0.8125
469,0.29411764705882354,0.0,0.7058823529411765
470,0.1323529411764706,0.04411764705882353,0.8235294117647058
471,0.4,0.23076923076923078,0.36923076923076925
472,0.22580645161290322,0.0,0.7741935483870968
473,0.22641509433962265,0.0,0.7735849056603774
474,0.0,0.12087912087912088,0.8791208791208791
475,0.2037037037037037,0.07407407407407407,0.7222222222222222
476,0.17,0.0,0.83
477,0.36363636363636365,0.0,0.6363636363636364
478,0.17857142857142858,0.03571428571428571,0.7857142857142857
479,0.11764705882352941,0.06862745098039216,0.8137254901960784
480,0.0364963503649635,0.2116788321167883,0.7518248175182481
481,0.1450381679389313,0.03816793893129771,0.816793893129771
482,0.14705882352941177,0.0392156862745098,0.8137254901960784
483,0.018867924528301886,0.16981132075471697,0.8113207547169812
484,0.0,0.36231884057971014,0.6376811594202898
485,0.0,0.23255813953488372,0.7674418604651163
486,0.17391304347826086,0.0,0.8260869565217391
487,0.20481927710843373,0.024096385542168676,0.7710843373493976
488,0.007246376811594203,0.10869565217391304,0.8840579710144928
489,0.2465753424657534,0.1506849315068493,0.6027397260273972
490,0.14634146341463414,0.024390243902439025,0.8292682926829268
491,0.17647058823529413,0.29411764705882354,0.5294117647058824
492,0.11320754716981132,0.0,0.8867924528301887
493,0.3333333333333333,0.21367521367521367,0.452991452991453
494,0.1956521739130435,0.08695652173913043,0.717391304347826
495,0.1925925925925926,0.06666666666666667,0.7407407407407407
496,0.2828282828282828,0.25252525252525254,0.46464646464646464
497,0.14583333333333334,0.0,0.8541666666666666
498,0.22556390977443608,0.045112781954887216,0.7293233082706767
499,0.22388059701492538,0.014925373134328358,0.7611940298507462
500,0.0,0.46923076923076923,0.5307692307692308
501,0.2631578947368421,0.0,0.7368421052631579
502,0.0875,0.2125,0.7
503,0.26153846153846155,0.09230769230769231,0.6461538461538462
504,0.16666666666666666,0.09259259259259259,0.7407407407407407
505,0.28,0.30666666666666664,0.41333333333333333
506,0.17105263157894737,0.09210526315789473,0.7368421052631579
507,0.17073170731707318,0.0,0.8292682926829268
508,0.38461538461538464,0.15384615384615385,0.46153846153846156
509,0.047619047619047616,0.0,0.9523809523809523
510,0.3157894736842105,0.042105263157894736,0.6421052631578947
511,0.1891891891891892,0.24324324324324326,0.5675675675675675
512,0.1875,0.0,0.8125
513,0.10236220472440945,0.08661417322834646,0.8110236220472441
514,0.23809523809523808,0.031746031746031744,0.7301587301587301
515,0.21621621621621623,0.32432432432432434,0.4594594594594595
516,0.31896551724137934,0.1896551724137931,0.49137931034482757
517,0.0,0.3684210526315789,0.631578947368421
518,0.20833333333333334,0.0,0.7916666666666666
519,0.0,0.0,1.0
520,0.3888888888888889,0.0,0.6111111111111112
521,0.3230769230769231,0.015384615384615385,0.6615384615384615
522,0.11538461538461539,0.028846153846153848,0.8557692307692307
523,0.10204081632653061,0.0,0.8979591836734694
524,0.1258741258741259,0.06993006993006994,0.8041958041958042
525,0.16393442622950818,0.05737704918032787,0.7786885245901639
526,0.11224489795918367,0.01020408163265306,0.8775510204081632
527,0.2857142857142857,0.0,0.7142857142857143
528,0.13194444444444445,0.020833333333333332,0.8472222222222222
529,0.13636363636363635,0.0,0.8636363636363636
530,0.216,0.336,0.448
531,0.2824427480916031,0.1984732824427481,0.5190839694656488
532,0.140625,0.03125,0.828125
533,0.3333333333333333,0.18666666666666668,0.48
534,0.1015625,0.125,0.7734375
535,0.18604651162790697,0.03488372093023256,0.7790697674418605
536,0.3076923076923077,0.15384615384615385,0.5384615384615384
537,0.16981132075471697,0.0,0.8301886792452831
538,0.0661764705882353,0.13970588235294118,0.7941176470588235
539,0.2631578947368421,0.0,0.7368421052631579
540,0.16176470588235295,0.07352941176470588,0.7647058823529411
541,0.13043478260869565,0.043478260869565216,0.8260869565217391
542,0.11320754716981132,0.0,0.8867924528301887
543,0.18095238095238095,0.12380952380952381,0.6952380952380952
544,0.15,0.1,0.75
545,0.16666666666666666,0.0,0.8333333333333334
546,0.18691588785046728,0.0,0.8130841121495327
547,0.17142857142857143,0.0,0.8285714285714286
548,0.14102564102564102,0.11538461538461539,0.7435897435897436
549,0.29545454545454547,0.0,0.7045454545454546
550,0.18095238095238095,0.08571428571428572,0.7333333333333333
551,0.08411214953271028,0.0,0.9158878504672897
552,0.22105263157894736,0.16842105263157894,0.6105263157894737
553,0.0975609756097561,0.08536585365853659,0.8170731707317073
554,0.15833333333333333,0.058333333333333334,0.7833333333333333
555,0.1375,0.0,0.8625
556,0.2413793103448276,0.13793103448275862,0.6206896551724138
557,0.13953488372093023,0.0,0.8604651162790697
558,0.12844036697247707,0.14678899082568808,0.7247706422018348
559,0.12195121951219512,0.07317073170731707,0.8048780487804879
560,0.13846153846153847,0.0,0.8615384615384616
561,0.37142857142857144,0.0,0.6285714285714286
562,0.35294117647058826,0.3235294117647059,0.3235294117647059
563,0.015037593984962405,0.045112781954887216,0.9398496240601504
564,0.2222222222222222,0.05555555555555555,0.7222222222222222
565,0.2222222222222222,0.0,0.7777777777777778
566,0.24778761061946902,0.061946902654867256,0.6902654867256637
567,0.32967032967032966,0.18681318681318682,0.4835164835164835
568,0.4375,0.0,0.5625
569,0.2876712328767123,0.0,0.7123287671232876
570,0.10975609756097561,0.024390243902439025,0.8658536585365854
571,0.17777777777777778,0.07777777777777778,0.7444444444444445
572,0.136,0.016,0.848
573,0.10256410256410256,0.15384615384615385,0.7435897435897436
574,0.14583333333333334,0.0,0.8541666666666666
575,0.10687022900763359,0.04580152671755725,0.8473282442748091
576,0.17567567567567569,0.24324324324324326,0.581081081081081
577,0.3142857142857143,0.05714285714285714,0.6285714285714286
578,0.125,0.0,0.875
579,0.30612244897959184,0.0,0.6938775510204082
580,0.0,0.17687074829931973,0.8231292517006803
581,0.07017543859649122,0.14912280701754385,0.7807017543859649
582,0.42857142857142855,0.2857142857142857,0.2857142857142857
583,0.14285714285714285,0.0,0.8571428571428571
584,0.11038961038961038,0.12337662337662338,0.7662337662337663
585,0.2692307692307692,0.0,0.7307692307692307
586,0.23809523809523808,0.30952380952380953,0.4523809523809524
587,0.3,0.0,0.7
588,0.25,0.05,0.7
589,0.14925373134328357,0.0,0.8507462686567164
590,0.17333333333333334,0.0,0.8266666666666667
591,0.19230769230769232,0.0,0.8076923076923077
592,0.12,0.0,0.88
593,0.13157894736842105,0.14912280701754385,0.7192982456140351
594,0.3142857142857143,0.0,0.6857142857142857
595,0.0,0.2727272727272727,0.7272727272727273
596,0.058823529411764705,0.058823529411764705,0.8823529411764706
597,0.3137254901960784,0.0,0.6862745098039216
598,0.04639175257731959,0.05670103092783505,0.8969072164948454
599,0.13970588235294118,0.11029411764705882,0.75
600,0.0,0.0,1.0
601,0.0,0.4,0.6
602,0.21348314606741572,0.0,0.7865168539325843
603,0.12,0.0,0.88
604,0.010309278350515464,0.18556701030927836,0.8041237113402062
605,0.0,0.05673758865248227,0.9432624113475178
606,0.34615384615384615,0.07692307692307693,0.5769230769230769
607,0.28205128205128205,0.10256410256410256,0.6153846153846154
608,0.1694915254237288,0.0,0.8305084745762712
609,0.09183673469387756,0.1326530612244898,0.7755102040816326
610,0.15,0.0,0.85
611,0.061855670103092786,0.030927835051546393,0.9072164948453608
612,0.13636363636363635,0.0,0.8636363636363636
613,0.20408163265306123,0.12244897959183673,0.673469387755102
614,0.3939393939393939,0.0,0.6060606060606061
615,0.09482758620689655,0.04310344827586207,0.8620689655172413
616,0.20512820512820512,0.10256410256410256,0.6923076923076923
617,0.16666666666666666,0.23148148148148148,0.6018518518518519
618,0.11267605633802817,0.08450704225352113,0.8028169014084507
619,0.2,0.0,0.8
620,0.08588957055214724,0.26993865030674846,0.6441717791411042
621,0.0,0.09411764705882353,0.9058823529411765
622,0.24358974358974358,0.02564102564102564,0.7307692307692307
623,0.14473684210526316,0.0,0.8552631578947368
624,0.07228915662650602,0.04819277108433735,0.8795180722891566
625,0.2727272727272727,0.0,0.7272727272727273
626,0.2571428571428571,0.14285714285714285,0.6
627,0.14414414414414414,0.07207207207207207,0.7837837837837838
628,0.0,0.5285714285714286,0.4714285714285714
629,0.26865671641791045,0.07462686567164178,0.6567164179104478
630,0.17857142857142858,0.0,0.8214285714285714
631,0.29411764705882354,0.14705882352941177,0.5588235294117647
632,0.18681318681318682,0.18681318681318682,0.6263736263736264
633,0.2777777777777778,0.0,0.7222222222222222
634,0.0,0.2608695652173913,0.7391304347826086
635,0.2716049382716049,0.2839506172839506,0.4444444444444444
636,0.22580645161290322,0.0,0.7741935483870968
637,0.10256410256410256,0.24358974358974358,0.6538461538461539
638,0.0,0.0,1.0
639,0.10909090909090909,0.0,0.8909090909090909
640,0.23076923076923078,0.038461538461538464,0.7307692307692307
641,0.29411764705882354,0.0,0.7058823529411765
642,0.0,0.1724137931034483,0.8275862068965517
643,0.17543859649122806,0.07017543859649122,0.7543859649122807
644,0.27906976744186046,0.06976744186046512,0.6511627906976745
645,0.045454545454545456,0.030303030303030304,0.9242424242424242
646,0.22727272727272727,0.0,0.7727272727272727
647,0.13513513513513514,0.018018018018018018,0.8468468468468469
648,0.14953271028037382,0.037383177570093455,0.8130841121495327
649,0.20238095238095238,0.0,0.7976190476190477
650,0.16326530612244897,0.0,0.8367346938775511
651,0.06976744186046512,0.03488372093023256,0.8953488372093024
652,0.17391304347826086,0.0,0.8260869565217391
653,0.15503875968992248,0.06976744186046512,0.7751937984496124
654,0.14444444444444443,0.06666666666666667,0.7888888888888889
655,0.16981132075471697,0.05660377358490566,0.7735849056603774
656,0.23636363636363636,0.09090909090909091,0.6727272727272727
657,0.11818181818181818,0.07272727272727272,0.8090909090909091
658,0.23255813953488372,0.0,0.7674418604651163
659,0.14,0.16,0.7
660,0.20967741935483872,0.0,0.7903225806451613
661,0.0,0.28125,0.71875
662,0.24087591240875914,0.029197080291970802,0.7299270072992701
663,0.0,0.21739130434782608,0.782608695652174
664,0.042735042735042736,0.02564102564102564,0.9316239316239316
665,0.25,0.0,0.75
666,0.17,0.04,0.79
667,0.0,0.21818181818181817,0.7818181818181819
668,0.32727272727272727,0.19090909090909092,0.4818181818181818
669,0.0,0.11009174311926606,0.8899082568807339
670,0.09482758620689655,0.1896551724137931,0.7155172413793104
671,0.1592920353982301,0.07964601769911504,0.7610619469026548
672,0.10738255033557047,0.08053691275167785,0.8120805369127517
673,0.1206896551724138,0.27586206896551724,0.603448275862069
674,0.3333333333333333,0.0,0.6666666666666666
675,0.25,0.05555555555555555,0.6944444444444444
676,0.20754716981132076,0.24528301886792453,0.5471698113207547
677,0.13186813186813187,0.10989010989010989,0.7582417582417582
678,0.13978494623655913,0.03225806451612903,0.8279569892473119
679,0.26865671641791045,0.40298507462686567,0.3283582089552239
680,0.3157894736842105,0.05263157894736842,0.631578947368421
681,0.2857142857142857,0.0,0.7142857142857143
682,0.08955223880597014,0.0,0.9104477611940298
683,0.14606741573033707,0.0,0.8539325842696629
684,0.24390243902439024,0.024390243902439025,0.7317073170731707
685,0.12,0.16,0.72
686,0.02631578947368421,0.19736842105263158,0.7763157894736842
687,0.17105263157894737,0.06578947368421052,0.7631578947368421
688,0.14545454545454545,0.02727272727272727,0.8272727272727273
689,0.03355704697986577,0.18120805369127516,0.785234899328859
690,0.11926605504587157,0.027522935779816515,0.8532110091743119
691,0.2537313432835821,0.0,0.746268656716418
692,0.06716417910447761,0.2462686567164179,0.6865671641791045
693,0.22784810126582278,0.0759493670886076,0.6962025316455697
694,0.18487394957983194,0.25210084033613445,0.5630252100840336
695,0.15789473684210525,0.02631578947368421,0.8157894736842105
696,0.2127659574468085,0.0851063829787234,0.7021276595744681
697,0.16831683168316833,0.0,0.8316831683168316
698,0.09734513274336283,0.0,0.9026548672566371
699,0.1076923076923077,0.015384615384615385,0.8769230769230769
700,0.2564102564102564,0.08333333333333333,0.6602564102564102
701,0.19047619047619047,0.0,0.8095238095238095
702,0.20192307692307693,0.0,0.7980769230769231
703,0.15789473684210525,0.0,0.8421052631578947
704,0.2,0.0,0.8
705,0.21839080459770116,0.1839080459770115,0.5977011494252874
706,0.058823529411764705,0.0,0.9411764705882353
707,0.0,0.20212765957446807,0.7978723404255319
708,0.12903225806451613,0.0967741935483871,0.7741935483870968
709,0.14285714285714285,0.0,0.8571428571428571
710,0.125,0.14583333333333334,0.7291666666666666
711,0.0,0.5625,0.4375
712,0.10227272727272728,0.03977272727272727,0.8579545454545454
713,0.027210884353741496,0.2108843537414966,0.7619047619047619
714,0.13513513513513514,0.08108108108108109,0.7837837837837838
715,0.18309859154929578,0.0,0.8169014084507042
716,0.1346153846153846,0.07692307692307693,0.7884615384615384
717,0.064,0.0,0.936
718,0.22727272727272727,0.0,0.7727272727272727
719,0.1595744680851064,0.031914893617021274,0.8085106382978723
720,0.2839506172839506,0.2839506172839506,0.43209876543209874
721,0.22340425531914893,0.18085106382978725,0.5957446808510638
722,0.1702127659574468,0.031914893617021274,0.7978723404255319
723,0.11538461538461539,0.0,0.8846153846153846
724,0.38461538461538464,0.0,0.6153846153846154
725,0.1523809523809524,0.0,0.8476190476190476
726,0.13580246913580246,0.3888888888888889,0.47530864197530864
727,0.15,0.0,0.85
728,0.38461538461538464,0.0,0.6153846153846154
729,0.3783783783783784,0.21621621621621623,0.40540540540540543
730,0.1095890410958904,0.1232876712328767,0.7671232876712328
731,0.0,0.14619883040935672,0.8538011695906432
732,0.2222222222222222,0.0,0.7777777777777778
733,0.07272727272727272,0.22727272727272727,0.7
734,0.38095238095238093,0.0,0.6190476190476191
735,0.09375,0.21875,0.6875
736,0.2545454545454545,0.03636363636363636,0.7090909090909091
737,0.0,0.24390243902439024,0.7560975609756098
738,0.12037037037037036,0.2037037037037037,0.6759259259259259
739,0.05454545454545454,0.2636363636363636,0.6818181818181818
740,0.2608695652173913,0.0,0.7391304347826086
741,0.06060606060606061,0.0,0.9393939393939394
742,0.04878048780487805,0.21951219512195122,0.7317073170731707
743,0.0,0.16279069767441862,0.8372093023255814
744,0.12244897959183673,0.0,0.8775510204081632
745,0.23529411764705882,0.0,0.7647058823529411
746,0.0784313725490196,0.0,0.9215686274509803
747,0.14432989690721648,0.14432989690721648,0.711340206185567
748,0.09278350515463918,0.0,0.9072164948453608
749,0.1111111111111111,0.08641975308641975,0.8024691358024691
750,0.16923076923076924,0.03076923076923077,0.8
751,0.18095238095238095,0.02857142857142857,0.7904761904761904
752,0.0,0.0,1.0
753,0.0,0.5512820512820513,0.44871794871794873
754,0.02666666666666667,0.16,0.8133333333333334
755,0.2976190476190476,0.011904761904761904,0.6904761904761905
756,0.16981132075471697,0.2641509433962264,0.5660377358490566
757,0.21686746987951808,0.1686746987951807,0.6144578313253012
758,0.20149253731343283,0.21641791044776118,0.582089552238806
759,0.11711711711711711,0.04504504504504504,0.8378378378378378
760,0.28,0.0,0.72
761,0.24285714285714285,0.0,0.7571428571428571
762,0.13725490196078433,0.06862745098039216,0.7941176470588235
763,0.3333333333333333,0.14285714285714285,0.5238095238095238
764,0.1956521739130435,0.0,0.8043478260869565
765,0.0,0.4,0.6
